0
100
211
336
481
653
858
1106
1405
1766
2199
3180
4256
5440
6745
8184
9771
11520
13447
15567
17896
21443
25232
29281
33606
38226
43159
48424
54040
60027
66404
74833
83693
93005
102790
113070
123867
135203
147100
159581
172669
188778
205541
222983
241127
259999
279623
300024
321228
343260
366147
393142
421045
449881
479678
510464
542266
575111
609028
644045
680191
721640
764276
808127
853224
899596
947273
996285
1046663
1098437
1151639
1211437
1272725
1335534
1399896
1465844
1533409
1602624
1673522
1746136
1820499
1902842
1987001
2073009
2160900
2250709
2342470
2436217
2531985
2629810
2729726
2839092
2950620
3064346
3180306
3298536
3419073
3541953
3667213
3794890
3925021
4066152
4209811
4356037
4504867
4656340
4810493
4967365
5126995
5289422
5454684
5632572
5813374
5997130
6183879
6373661
6566516
6762484
6961606
7163922
7369473
7589350
7812544
8039096
8269048
8502441
8739317
8979718
9223686
9471263
9722492
9989818
10260881
10535724
10814389
11096921
11383362
11673757
11968148
12266580
12569097
12889549
13214174
13543017
13876123
14213537
14555303
14901467
15252074
15607169
15966798
16346265
16730358
17119123
17512606
17910853
18313911
18721827
19134648
19552420
99999999999999999999999999
